name,songs,ireal_charts
Querube,0,irealb://Querube%3DFlores%20Pedro%3D%3DMedium%20Swing%3DD%3D5%3D1r34LbKcu7%5ED%7CQy4D%5E7XyX7%5ED%7CQyX7%5EG%7CQXy7-%23F%7CQyX7-E%7CQyQ%7CA7X3TA*%7BE%7CQyXxXyQ%7D7B1N%7CQyXx%7CQyX7E-%7CQyXx%7CQyX7BB*%7BXyQ%7Cx%7CQyX7QyX7A%7CxXyQ%5EGC*%5B%5DQyXx%7CQyXA7%7CQyXx%7CQyX7E2N%7D7XyQ%7CQyX7-XQyXQyQ%7CB7Z%20Q%20%20x%7CQyX7%5ED%7CyQX7A%7CQyX7-E%7CQyXXyQXyX7%5ED%7CQyX7ALZ%7BQD%5ED%7CQyX7%5EG%7CQyX7%23-F%7CQyX7-E%7CQyX7%5E7XyQ%7CQyXQy%7CD%5E7XyQ%7CxXyQ%7D%7BA7XyQ%7CD%5E7XyQ%7D%20%3DJazz-Swing%20Two%2FFour%3D150%3D2
