name,songs,ireal_charts
Salta,0,irealb://Salta%3DTequila%3D%3DSka%3DC%3D%3D1r34LbKcu7ZLQyX4B-Xy%7CQyXD%7CQyX-Ev*%7B%20Y%20QyXQyX%7DQyXD%7CQXyQr%7C4TA*%7Bsab%20pXyQLZ*%7BY%7DQyX7A%3EeniFl%20a%20.C.D%3CZLG%20-%23FB%3CSla%7CrQyXQyXD%7CyQ%7CD%20%3Eratiug%20oloS%3C%7B%20Y%20QyXQyX%7D%20E%3Ex4%3CB-XyQX-B%3EsLG%20-%23yQ%20%20YX%7CrQyXZLQyX%7CrQXy%7CQyXD%7CQyX-Ev*%7ByQLZFXQyX%7DZA7XyQ%7D%20%3D%3D0%3D0
