name,songs,ireal_charts
Vento di passione,0,irealb://%56%65%6E%74%6F%20%64%69%20%70%61%73%73%69%6F%6E%65=%44%61%6E%69%65%6C%65%20%50%69%6E%6F==%53%6F%75%6C%20%42%61%6C%6C%61%64=%44%2D==%31%72%33%34%4C%62%4B%63%75%37%4C%37%2D%41%5A%37%2C%4C%5A%45%37%2D%44%41%2A%7B%20%20%51%79%58%3E%78%32%7C%3C%7D%51%79%58%78%5A%4C%20%37%2D%41%5A%4C%37%4C%5A%45%37%4C%2D%44%69%2A%7B%42%2A%7C%51%79%3E%20%7D%58%79%79%58%39%62%37%41%5A%4C%37%2D%41%5A%4C%37%5A%45%4C%37%2D%44%41%2A%7C%51%79%58%51%79%58%51%51%58%79%51%58%78%33%3C%78%5A%4C%37%23%46%5A%47%39%4C%5A%43%2A%7B%20%37%2D%42%7C%51%79%58%39%2D%41%5A%37%4C%45%5A%4C%37%2D%44%5A%4C%37%2D%41%5A%4C%5E%43%45%2D%37%4C%5A%4C%37%2D%44%2A%7C%51%79%58%5A%78%3C%33%78%58%39%62%37%42%5A%4C%37%2D%42%5A%4C%37%23%5A%46%4C%37%2D%45%7C%51%79%58%51%79%58%7D%20%3E%79%51%58%79%51%4C%37%2D%42%5A%3E%4F%4C%4F%53%5A%41%39%4C%5A%37%2D%41%7C%51%79%58%37%2D%42%5A%4C%37%23%5A%46%4C%37%2D%45%5A%4C%37%2D%42%5A%4C%39%5E%44%20%6E%4C%5A%3C%4C%37%2D%45%44%4C%51%79%58%51%45%37%4C%5A%41%39%62%37%41%5A%4C%37%2D%41%5A%4C%37%45%5A%37%4C%2D%44%7C%51%79%58%5A%4C%20%78%5A%4C%37%2D%20%4C%5A%58%79%5A%4C%37%2D%44%4C%37%45%5A%4C%5A%47%39%4C%5A%20%6E%20%2D%41%5A%4C%20%2C%37%2D%41%5A%4C%45%37%5A%4C%37%2D%44%5A%4C%37%2D%41%5A%4C%5E%43%20%7B%44%2D%37%4C%37%2D%44%5A%5A%41%2D%37%4C%5A%78%20%4C%5A%58%79%51%58%79%51%4C%5A%44%2D%37%4C%5A%45%37%4C%5A%41%2D%37%4C%5A%41%37%62%39%20%3C%32%78%3E%20%7D%20=%4C%61%74%69%6E%2D%42%72%61%7A%69%6C%3A%20%53%61%6D%62%61=%38%36=%31
